Key,A_DaysSLG,A_LWAwayG,A_LWHomeG,H_DaysSLG,H_LWAwayG,H_LWHomeG,H_LWGAdv
20170907NWE,14.0,0.0,1.0,14.0,0.0,1.0,0.0
20170910BUF,14.0,0.0,1.0,14.0,0.0,1.0,0.0
20170910DET,14.0,0.0,1.0,14.0,0.0,1.0,0.0
20170910HOU,14.0,0.0,1.0,14.0,0.0,1.0,0.0
20170910CLE,14.0,0.0,1.0,14.0,0.0,1.0,0.0
20170910SFO,14.0,0.0,1.0,14.0,0.0,1.0,0.0
20170910TEN,14.0,0.0,1.0,14.0,0.0,1.0,0.0
20170910CHI,14.0,0.0,1.0,14.0,0.0,1.0,0.0
20170910CIN,14.0,0.0,1.0,14.0,0.0,1.0,0.0
20170910WAS,14.0,0.0,1.0,14.0,0.0,1.0,0.0
20170910GNB,14.0,0.0,1.0,14.0,0.0,1.0,0.0
20170910DAL,14.0,0.0,1.0,14.0,0.0,1.0,0.0
20170910LAR,14.0,0.0,1.0,14.0,0.0,1.0,0.0
20170911MIN,14.0,0.0,1.0,14.0,0.0,1.0,0.0
20170911DEN,14.0,0.0,1.0,14.0,0.0,1.0,0.0
20170914CIN,4.0,0.0,1.0,4.0,0.0,1.0,0.0
20170917JAX,7.0,0.0,1.0,7.0,1.0,0.0,-1.0
20170917PIT,6.0,0.0,1.0,7.0,1.0,0.0,-1.0
20170917LAR,7.0,0.0,1.0,7.0,0.0,1.0,0.0
20170917ATL,7.0,0.0,1.0,7.0,1.0,0.0,-1.0
20170917BAL,7.0,0.0,1.0,7.0,1.0,0.0,-1.0
20170917OAK,7.0,1.0,0.0,7.0,1.0,0.0,0.0
20170917SEA,7.0,0.0,1.0,7.0,1.0,0.0,-1.0
20170917IND,7.0,1.0,0.0,7.0,1.0,0.0,0.0
20170917CAR,7.0,0.0,1.0,7.0,1.0,0.0,-1.0
20170917DEN,7.0,0.0,1.0,6.0,0.0,1.0,0.0
20170917NOR,10.0,0.0,1.0,6.0,1.0,0.0,-1.0
20170917TAM,7.0,0.0,1.0,14.0,0.0,1.0,0.0
20170917KAN,7.0,1.0,0.0,10.0,1.0,0.0,0.0
20170917LAC,14.0,0.0,1.0,6.0,1.0,0.0,-1.0
20170918NYG,8.0,0.0,1.0,8.0,1.0,0.0,-1.0
20170921SFO,4.0,0.0,1.0,4.0,1.0,0.0,-1.0
20170924NWE,10.0,1.0,0.0,7.0,1.0,0.0,0.0
20170924TEN,7.0,0.0,1.0,7.0,1.0,0.0,-1.0
20170924GNB,10.0,0.0,1.0,7.0,1.0,0.0,-1.0
20170924PHI,6.0,0.0,1.0,7.0,1.0,0.0,-1.0
20170924NYJ,7.0,1.0,0.0,7.0,1.0,0.0,0.0
20170924CAR,7.0,0.0,1.0,7.0,0.0,1.0,0.0
20170924CHI,7.0,0.0,1.0,7.0,1.0,0.0,-1.0
20170924LAC,7.0,0.0,1.0,7.0,0.0,1.0,0.0
20170924WAS,7.0,0.0,1.0,7.0,1.0,0.0,-1.0
20170924DET,7.0,0.0,1.0,6.0,1.0,0.0,-1.0
20170924JAX,7.0,0.0,1.0,7.0,0.0,1.0,0.0
20170924IND,7.0,1.0,0.0,7.0,0.0,1.0,1.0
20170924BUF,7.0,0.0,1.0,7.0,1.0,0.0,-1.0
20170924MIN,7.0,0.0,1.0,7.0,1.0,0.0,-1.0
20170925ARI,8.0,1.0,0.0,8.0,1.0,0.0,0.0
20170928GNB,4.0,0.0,1.0,4.0,0.0,1.0,0.0
20171001BAL,7.0,1.0,0.0,7.0,1.0,0.0,0.0
20171001ATL,7.0,0.0,1.0,7.0,1.0,0.0,-1.0
20171001DEN,7.0,1.0,0.0,7.0,1.0,0.0,0.0
20171001DAL,10.0,1.0,0.0,6.0,1.0,0.0,0.0
20171001SEA,7.0,0.0,1.0,7.0,1.0,0.0,-1.0
20171001LAC,7.0,0.0,1.0,7.0,0.0,1.0,0.0
20171001MIN,7.0,0.0,1.0,7.0,0.0,1.0,0.0
20171001NYJ,7.0,0.0,1.0,7.0,0.0,1.0,0.0
20171001CLE,7.0,1.0,0.0,7.0,1.0,0.0,0.0
20171001TAM,7.0,1.0,0.0,7.0,1.0,0.0,0.0
20171001HOU,7.0,0.0,1.0,7.0,1.0,0.0,-1.0
20171001NWE,7.0,0.0,1.0,7.0,0.0,1.0,0.0
20171001ARI,10.0,0.0,1.0,6.0,0.0,1.0,0.0
20171001MIA,7.0,1.0,0.0,7.0,1.0,0.0,0.0
20171002KAN,8.0,0.0,1.0,8.0,1.0,0.0,-1.0
20171005TAM,4.0,0.0,1.0,4.0,0.0,1.0,0.0
20171008MIA,7.0,1.0,0.0,7.0,0.0,1.0,1.0
20171008HOU,6.0,0.0,1.0,7.0,0.0,1.0,0.0
20171008DET,7.0,1.0,0.0,7.0,1.0,0.0,0.0
20171008OAK,7.0,0.0,1.0,7.0,1.0,0.0,-1.0
20171008IND,7.0,1.0,0.0,7.0,1.0,0.0,0.0
20171008CIN,7.0,1.0,0.0,7.0,1.0,0.0,0.0
20171008LAR,7.0,0.0,1.0,7.0,1.0,0.0,-1.0
20171008DAL,10.0,0.0,1.0,7.0,0.0,1.0,0.0
20171008CLE,7.0,0.0,1.0,7.0,0.0,1.0,0.0
20171008PHI,7.0,0.0,1.0,7.0,1.0,0.0,-1.0
20171008NYG,7.0,0.0,1.0,7.0,1.0,0.0,-1.0
20171008PIT,7.0,1.0,0.0,7.0,1.0,0.0,0.0
20171009CHI,8.0,0.0,1.0,11.0,1.0,0.0,-1.0
20171012CAR,4.0,0.0,1.0,4.0,1.0,0.0,-1.0
20171015DEN,7.0,0.0,1.0,14.0,0.0,1.0,0.0
20171015MIN,7.0,1.0,0.0,6.0,1.0,0.0,0.0
20171015HOU,7.0,0.0,1.0,7.0,0.0,1.0,0.0
20171015OAK,7.0,1.0,0.0,7.0,0.0,1.0,1.0
20171015ARI,10.0,0.0,1.0,7.0,1.0,0.0,-1.0
20171015KAN,7.0,0.0,1.0,7.0,1.0,0.0,-1.0
20171015JAX,7.0,0.0,1.0,7.0,1.0,0.0,-1.0
20171015WAS,7.0,1.0,0.0,13.0,1.0,0.0,0.0
20171015NYJ,10.0,1.0,0.0,7.0,1.0,0.0,0.0
20171015BAL,6.0,0.0,1.0,7.0,1.0,0.0,-1.0
20171015ATL,7.0,0.0,1.0,14.0,0.0,1.0,0.0
20171015NOR,7.0,0.0,1.0,14.0,1.0,0.0,-1.0
20171016TEN,8.0,0.0,1.0,8.0,1.0,0.0,-1.0
20171019OAK,4.0,0.0,1.0,4.0,0.0,1.0,0.0
20171022NWE,7.0,0.0,1.0,7.0,1.0,0.0,-1.0
20171022MIA,7.0,0.0,1.0,7.0,1.0,0.0,-1.0
20171022LAR,7.0,0.0,1.0,7.0,1.0,0.0,-1.0
20171022LAC,7.0,0.0,1.0,7.0,1.0,0.0,-1.0
20171022GNB,7.0,0.0,1.0,7.0,1.0,0.0,-1.0
20171022IND,7.0,0.0,1.0,6.0,1.0,0.0,-1.0
20171022CLE,6.0,0.0,1.0,7.0,1.0,0.0,-1.0
20171022CHI,10.0,0.0,1.0,7.0,1.0,0.0,-1.0
20171022SFO,14.0,0.0,1.0,7.0,1.0,0.0,-1.0
20171022MIN,7.0,0.0,1.0,7.0,0.0,1.0,0.0
20171022BUF,7.0,1.0,0.0,14.0,1.0,0.0,0.0
20171022NYG,14.0,1.0,0.0,7.0,1.0,0.0,0.0
20171022PIT,14.0,0.0,1.0,7.0,1.0,0.0,-1.0
20171023PHI,8.0,0.0,1.0,11.0,1.0,0.0,-1.0
20171026BAL,4.0,0.0,1.0,4.0,1.0,0.0,-1.0
20171029CLE,7.0,0.0,1.0,7.0,0.0,1.0,0.0
20171029PHI,7.0,0.0,1.0,6.0,0.0,1.0,0.0
20171029CIN,7.0,0.0,1.0,7.0,1.0,0.0,-1.0
20171029NOR,7.0,0.0,1.0,7.0,1.0,0.0,-1.0
20171029SEA,14.0,0.0,1.0,7.0,1.0,0.0,-1.0
20171029BUF,10.0,0.0,1.0,7.0,0.0,1.0,0.0
20171029NYJ,7.0,1.0,0.0,7.0,1.0,0.0,0.0
20171029NWE,7.0,0.0,1.0,7.0,0.0,1.0,0.0
20171029DET,7.0,0.0,1.0,14.0,1.0,0.0,-1.0
20171029TAM,7.0,1.0,0.0,7.0,1.0,0.0,0.0
20171029WAS,7.0,1.0,0.0,6.0,1.0,0.0,0.0
20171030KAN,8.0,1.0,0.0,11.0,1.0,0.0,0.0
20171102NYJ,4.0,0.0,1.0,4.0,0.0,1.0,0.0
20171105PHI,6.0,1.0,0.0,7.0,0.0,1.0,1.0
20171105NOR,7.0,0.0,1.0,7.0,0.0,1.0,0.0
20171105JAX,7.0,0.0,1.0,14.0,1.0,0.0,-1.0
20171105SEA,7.0,0.0,1.0,7.0,0.0,1.0,0.0
20171105HOU,7.0,1.0,0.0,7.0,1.0,0.0,0.0
20171105SFO,14.0,1.0,0.0,7.0,1.0,0.0,0.0
20171105DAL,6.0,0.0,1.0,7.0,1.0,0.0,-1.0
20171105MIA,7.0,1.0,0.0,10.0,1.0,0.0,0.0
20171105CAR,7.0,1.0,0.0,7.0,1.0,0.0,0.0
20171105NYG,14.0,0.0,1.0,14.0,0.0,1.0,0.0
20171105TEN,10.0,0.0,1.0,14.0,1.0,0.0,-1.0
20171106GNB,8.0,0.0,1.0,15.0,0.0,1.0,0.0
20171109ARI,4.0,0.0,1.0,4.0,1.0,0.0,-1.0
20171112JAX,14.0,1.0,0.0,7.0,0.0,1.0,1.0
20171112DEN,14.0,0.0,1.0,7.0,1.0,0.0,-1.0
20171112IND,14.0,1.0,0.0,7.0,1.0,0.0,0.0
20171112ATL,7.0,0.0,1.0,7.0,1.0,0.0,-1.0
20171112SFO,7.0,0.0,1.0,7.0,0.0,1.0,0.0
20171112WAS,14.0,1.0,0.0,7.0,1.0,0.0,0.0
20171112CHI,6.0,0.0,1.0,14.0,1.0,0.0,-1.0
20171112DET,14.0,0.0,1.0,6.0,1.0,0.0,-1.0
20171112TAM,10.0,0.0,1.0,7.0,1.0,0.0,-1.0
20171112BUF,7.0,0.0,1.0,10.0,1.0,0.0,-1.0
20171112TEN,7.0,1.0,0.0,7.0,0.0,1.0,1.0
20171112LAR,7.0,0.0,1.0,7.0,1.0,0.0,-1.0
20171113CAR,8.0,0.0,1.0,8.0,0.0,1.0,0.0
20171116PIT,4.0,0.0,1.0,4.0,1.0,0.0,-1.0
20171119HOU,10.0,0.0,1.0,7.0,1.0,0.0,-1.0
20171119DAL,14.0,0.0,1.0,7.0,1.0,0.0,-1.0
20171119DEN,7.0,1.0,0.0,7.0,0.0,1.0,1.0
20171119LAC,7.0,0.0,1.0,7.0,1.0,0.0,-1.0
20171119NYG,14.0,1.0,0.0,7.0,1.0,0.0,0.0
20171119MIN,7.0,0.0,1.0,7.0,1.0,0.0,-1.0
20171119GNB,14.0,1.0,0.0,7.0,1.0,0.0,0.0
20171119OAK,7.0,1.0,0.0,14.0,1.0,0.0,0.0
20171119MIA,7.0,0.0,1.0,6.0,1.0,0.0,-1.0
20171119CHI,7.0,0.0,1.0,7.0,0.0,1.0,0.0
20171119CLE,7.0,0.0,1.0,7.0,1.0,0.0,-1.0
20171119NOR,7.0,0.0,1.0,7.0,1.0,0.0,-1.0
20171120SEA,8.0,0.0,1.0,11.0,1.0,0.0,-1.0
20171123DAL,4.0,0.0,1.0,4.0,0.0,1.0,0.0
20171123WAS,4.0,0.0,1.0,4.0,1.0,0.0,-1.0
20171123DET,4.0,0.0,1.0,4.0,1.0,0.0,-1.0
20171126NWE,7.0,0.0,1.0,7.0,1.0,0.0,-1.0
20171126PIT,7.0,0.0,1.0,10.0,0.0,1.0,0.0
20171126CIN,7.0,0.0,1.0,7.0,1.0,0.0,-1.0
20171126LAR,7.0,0.0,1.0,7.0,1.0,0.0,-1.0
20171126ARI,7.0,1.0,0.0,7.0,1.0,0.0,0.0
20171126IND,10.0,1.0,0.0,14.0,0.0,1.0,1.0
20171126NYJ,13.0,0.0,1.0,14.0,1.0,0.0,-1.0
20171126OAK,7.0,0.0,1.0,7.0,0.0,1.0,0.0
20171126PHI,7.0,0.0,1.0,7.0,1.0,0.0,-1.0
20171126KAN,7.0,1.0,0.0,7.0,1.0,0.0,0.0
20171126SFO,6.0,0.0,1.0,14.0,0.0,1.0,0.0
20171126ATL,7.0,1.0,0.0,6.0,1.0,0.0,0.0
20171127BAL,8.0,0.0,1.0,8.0,1.0,0.0,-1.0
20171130DAL,7.0,0.0,1.0,7.0,0.0,1.0,0.0
20171203BAL,10.0,0.0,1.0,6.0,0.0,1.0,0.0
20171203OAK,10.0,1.0,0.0,7.0,0.0,1.0,1.0
20171203ATL,10.0,1.0,0.0,7.0,0.0,1.0,1.0
20171203GNB,7.0,1.0,0.0,7.0,1.0,0.0,0.0
20171203LAC,7.0,1.0,0.0,10.0,1.0,0.0,0.0
20171203CHI,7.0,0.0,1.0,7.0,1.0,0.0,-1.0
20171203SEA,7.0,0.0,1.0,7.0,1.0,0.0,-1.0
20171203NYJ,7.0,0.0,1.0,7.0,0.0,1.0,0.0
20171203TEN,6.0,1.0,0.0,7.0,1.0,0.0,0.0
20171203NOR,7.0,1.0,0.0,7.0,1.0,0.0,0.0
20171203ARI,7.0,0.0,1.0,7.0,0.0,1.0,0.0
20171203BUF,7.0,0.0,1.0,7.0,1.0,0.0,-1.0
20171203MIA,7.0,1.0,0.0,7.0,1.0,0.0,0.0
20171203JAX,7.0,0.0,1.0,7.0,1.0,0.0,-1.0
20171204CIN,8.0,0.0,1.0,8.0,0.0,1.0,0.0
20171207ATL,4.0,0.0,1.0,4.0,0.0,1.0,0.0
20171210DEN,7.0,0.0,1.0,7.0,1.0,0.0,-1.0
20171210JAX,7.0,0.0,1.0,7.0,0.0,1.0,0.0
20171210KAN,7.0,0.0,1.0,7.0,1.0,0.0,-1.0
20171210BUF,7.0,1.0,0.0,7.0,0.0,1.0,1.0
20171210CLE,7.0,0.0,1.0,7.0,1.0,0.0,-1.0
20171210TAM,7.0,1.0,0.0,7.0,1.0,0.0,0.0
20171210ARI,7.0,0.0,1.0,7.0,0.0,1.0,0.0
20171210CAR,7.0,1.0,0.0,7.0,1.0,0.0,0.0
20171210LAC,10.0,1.0,0.0,7.0,0.0,1.0,1.0
20171210NYG,10.0,0.0,1.0,7.0,1.0,0.0,-1.0
20171210PIT,7.0,0.0,1.0,6.0,1.0,0.0,-1.0
20171210HOU,7.0,1.0,0.0,7.0,1.0,0.0,0.0
20171210CIN,7.0,0.0,1.0,6.0,0.0,1.0,0.0
20171210LAR,7.0,1.0,0.0,7.0,1.0,0.0,0.0
20171211MIA,8.0,1.0,0.0,8.0,0.0,1.0,1.0
20171214IND,4.0,0.0,1.0,4.0,1.0,0.0,-1.0
20171216DET,6.0,1.0,0.0,6.0,1.0,0.0,0.0
20171216KAN,6.0,0.0,1.0,6.0,0.0,1.0,0.0
20171217SFO,7.0,1.0,0.0,7.0,1.0,0.0,0.0
20171217JAX,7.0,0.0,1.0,7.0,0.0,1.0,0.0
20171217OAK,7.0,1.0,0.0,7.0,1.0,0.0,0.0
20171217SEA,7.0,0.0,1.0,7.0,1.0,0.0,-1.0
20171217CLE,7.0,1.0,0.0,7.0,0.0,1.0,1.0
20171217NYG,7.0,1.0,0.0,7.0,0.0,1.0,1.0
20171217BUF,6.0,0.0,1.0,7.0,0.0,1.0,0.0
20171217NOR,7.0,1.0,0.0,10.0,1.0,0.0,0.0
20171217WAS,7.0,0.0,1.0,7.0,1.0,0.0,-1.0
20171217MIN,7.0,0.0,1.0,7.0,1.0,0.0,-1.0
20171217PIT,6.0,1.0,0.0,7.0,0.0,1.0,1.0
20171217CAR,7.0,1.0,0.0,7.0,0.0,1.0,1.0
20171218TAM,11.0,0.0,1.0,8.0,0.0,1.0,0.0
20171223GNB,6.0,0.0,1.0,6.0,1.0,0.0,-1.0
20171223BAL,9.0,0.0,1.0,6.0,1.0,0.0,-1.0
20171224CIN,8.0,0.0,1.0,7.0,1.0,0.0,-1.0
20171224NWE,7.0,0.0,1.0,7.0,1.0,0.0,-1.0
20171224NOR,6.0,1.0,0.0,7.0,0.0,1.0,1.0
20171224NYJ,8.0,1.0,0.0,7.0,1.0,0.0,0.0
20171224DAL,7.0,0.0,1.0,7.0,1.0,0.0,-1.0
20171224TEN,7.0,1.0,0.0,7.0,1.0,0.0,0.0
20171224SFO,7.0,0.0,1.0,7.0,0.0,1.0,0.0
20171224ARI,7.0,0.0,1.0,7.0,1.0,0.0,-1.0
20171224WAS,10.0,1.0,0.0,7.0,0.0,1.0,1.0
20171224CAR,6.0,0.0,1.0,7.0,0.0,1.0,0.0
20171224KAN,7.0,1.0,0.0,8.0,0.0,1.0,1.0
20171224CHI,7.0,0.0,1.0,8.0,1.0,0.0,-1.0
20171225HOU,8.0,0.0,1.0,8.0,1.0,0.0,-1.0
20171225PHI,8.0,0.0,1.0,8.0,1.0,0.0,-1.0
20171231TEN,7.0,1.0,0.0,7.0,0.0,1.0,1.0
20171231BAL,7.0,0.0,1.0,8.0,0.0,1.0,0.0
20171231DEN,7.0,0.0,1.0,7.0,1.0,0.0,-1.0
20171231NYG,7.0,0.0,1.0,7.0,1.0,0.0,-1.0
20171231ATL,7.0,0.0,1.0,7.0,1.0,0.0,-1.0
20171231LAC,6.0,1.0,0.0,7.0,1.0,0.0,0.0
20171231DET,8.0,0.0,1.0,7.0,1.0,0.0,-1.0
20171231PIT,7.0,1.0,0.0,6.0,1.0,0.0,0.0
20171231LAR,7.0,0.0,1.0,7.0,1.0,0.0,-1.0
20171231MIA,7.0,1.0,0.0,7.0,1.0,0.0,0.0
20171231IND,6.0,0.0,1.0,8.0,1.0,0.0,-1.0
20171231PHI,7.0,0.0,1.0,6.0,0.0,1.0,0.0
20171231MIN,7.0,0.0,1.0,8.0,1.0,0.0,-1.0
20171231NWE,7.0,0.0,1.0,7.0,0.0,1.0,0.0
20171231SEA,7.0,0.0,1.0,7.0,1.0,0.0,-1.0
20171231TAM,7.0,0.0,1.0,7.0,1.0,0.0,-1.0
20180106KAN,6.0,0.0,1.0,6.0,1.0,0.0,-1.0
20180106LAR,6.0,0.0,1.0,6.0,0.0,1.0,0.0
20180107NOR,7.0,1.0,0.0,7.0,1.0,0.0,0.0
20180107JAX,7.0,1.0,0.0,7.0,1.0,0.0,0.0
20180113NWE,7.0,1.0,0.0,13.0,0.0,1.0,1.0
20180113PHI,7.0,1.0,0.0,13.0,0.0,1.0,1.0
20180114MIN,7.0,0.0,1.0,14.0,0.0,1.0,0.0
20180114PIT,7.0,0.0,1.0,14.0,0.0,1.0,0.0
20180121PHI,7.0,0.0,1.0,8.0,0.0,1.0,0.0
20180121NWE,7.0,1.0,0.0,8.0,0.0,1.0,1.0
20180204NWE,14.0,0.0,1.0,14.0,0.0,1.0,0.0
